1.80838e-05
0.000642287
0.00584795
0.00422735
0.006848
0.0467836
0.0679679
0.108371
0.161641
0.227144
0.25297
0.109478
0.372026
0.580802
0.551471
1.0038
0.994736
0.480673
1.04726
1.40585
1.46188
0.557122
0.928814
0.663642
0.812955
1.43589
0.925801
2.43384
3.1547
1.80905
1.90036
1.3211
3.76048
2.3925
1.47891
2.76759
2.80805
3.99243
2.77613
3.05664
2.57784
3.31727
3.24764
2.3824
3.3281
3.9759
3.82187
3.52726
3.89928
4.01432
2.92061
4.09226
3.58274
3.04252
4.41448
4.94122
4.05822
4.23572
3.97659
4.0476
4.68722
2.90145
3.08853
4.62388
2.29385
3.68297
3.89579
3.57118
3.89247
4.10069
4.05512
4.68484
4.43995
4.26916
4.52132
4.48278
4.37877
4.00327
2.94912
3.05665
5.14494
3.60858
5.32517
3.56588
4.95194
4.25251
5.02687
4.91993
5.59244
5.12017
3.69183
5.3521
5.52445
5.52925
5.56441
6.54468
4.40869
6.06192
5.99246
6.34848
6.06922
5.87592
5.79215
5.75927
6.61424
6.46775
4.2069
4.69279
6.33782
6.37321
6.26208
6.34242
6.83174
6.69803
7.24143
6.99566
6.84544
4.61179
6.72419
6.65011
7.58921
5.4641
7.54492
5.28949
7.27596
6.91535
6.84256
7.26069
8.33025
7.73579
7.8123
7.694
7.87021
7.51966
7.66613
7.56931
8.43819
8.6426
8.6756
8.41749
8.20717
7.88482
7.89614
8.035
9.23034
8.9706
8.28906
8.97756
8.37393
8.31979
8.47383
8.34983
9.41728
8.75756
8.89949
8.9898
8.9744
8.28467
8.47164
12.703
10.1031
9.78632
9.82299
9.28784
9.86702
8.90685
8.68563
9.08453
10.0882
9.03373
9.92499
9.87495
9.29656
9.24134
9.46758
8.62763
9.50037
10.311
10.3919
10.3615
9.66148
10.0367
9.90387
9.52656
11.7139
10.2531
10.8326
10.7848
10.603
10.2899
10.1364
13.2021
11.4528
11.0138
10.9648
11.0189
10.7266
10.4772
10.5724
10.9487
12.6491
12.0225
11.0353
10.9434
10.8454
10.4217
10.1983
10.3353
11.8599
11.4102
11.4453
11.2227
11.0401
11.1105
10.7664
10.8017
12.3399
11.8871
11.7559
11.9177
11.7643
11.6174
11.3844
15.072
12.6365
12.1213
12.068
11.2144
11.8981
11.8703
11.7633
12.1891
12.97
12.5756
12.4296
12.4799
12.2909
12.0853
11.6989
11.7116
13.1799
11.9644
12.1807
12.4646
12.2254
12.4502
12.1006
11.6754
13.0899
14.1887
13.003
12.4667
12.3029
12.1211
12.0036
16.9653
13.3397
13.5211
13.0564
13.1309
13.0815
12.8477
12.5693
12.5613
14.0189
13.6781
13.6298
13.2497
11.7915
13.135
12.8872
12.7321
14.1888
13.8196
13.69
13.4844
13.308
11.6966
9.48426
9.76752
14.5533
14.3771
13.0035
11.9695
14.8439
13.2155
12.2928
16.7512
16.6222
14.3769
13.6704
13.7121
13.586
13.299
12.8351
14.1131
17.5166
14.5491
14.7186
13.5622
13.8931
14.0313
13.2506
14.0755
14.6014
16.1345
13.9457
14.1314
13.2166
11.662
13.7751
14.8558
16.053
14.6301
13.1686
14.6549
14.373
14.3317
14.4156
17.7976
15.8175
15.3699
15.2981
15.0203
14.985
14.9826
14.4307
14.5115
16.0795
15.9012
15.5699
15.5707
15.1598
15.0135
11.2367
14.5442
16.2034
15.672
15.7041
15.5785
15.3805
15.0517
12.7186
14.5256
14.549
16.0071
15.4869
14.8415
15.6597
13.7185
14.1964
17.3296
16.0255
16.1444
15.6182
15.7111
15.0831
15.2499
15.0378
14.6995
15.8669
15.9087
15.5173
15.8084
14.6462
15.0591
14.5725
14.5264
15.8911
15.4149
15.3472
15.4611
15.1522
15.0713
14.7494
14.7289
15.813
14.9536
15.6369
15.4545
11.9066
15.5205
14.4944
17.4478
16.1813
15.9836
15.8727
15.7566
15.9703
15.6007
15.4248
15.4595
16.8039
16.0979
14.115
15.6487
15.1089
15.2578
15.174
15.4141
16.2379
16.154
15.9441
16.0262
14.9805
14.4789
15.7189
15.6188
16.7545
16.7828
16.4133
15.9809
16.2526
15.4036
15.3729
19.1596
15.8325
16.5231
15.9641
16.6233
16.6182
16.1294
16.5767
16.5598
17.4925
16.9482
17.751
19.2488
17.321
17.3525
16.9222
16.0068
15.6314
18.097
17.0446
16.8809
16.7932
16.3738
16.2704
15.2243
16.5776
16.6399
17.1335
17.0631
16.9002
16.5738
16.49
20.0556
18.0095
17.4429
17.4651
16.0916
17.6292
16.7913
17.224
17.1977
18.8712
16.2196
18.106
17.9885
14.6494
16.2042
16.3347
16.9392
18.8054
17.5784
17.68
18.2972
18.0014
16.0382
17.4496
16.318
18.374
16.1427
18.4617
18.3
17.9047
16.356
17.4971
20.5173
18.921
16.2018
18.0241
18.1485
18.1971
17.4906
17.8686
17.762
19.3627
18.4587
18.8408
18.4907
19.1749
18.2163
17.8889
17.1623
12.2334
17.5
18.1059
18.2721
18.1774
17.2612
17.7298
17.8133
18.4193
18.1134
16.7643
17.892
13.7292
18.0687
18.003
26.7391
19.5734
19.4089
18.2831
17.422
16.9024
18.0478
17.506
18.2551
19.8556
19.4332
19.0477
19.0039
18.6142
18.6182
18.5629
18.444
19.827
18.116
19.2271
17.0101
18.7939
18.3744
18.5386
18.6094
20.0893
19.4366
19.5678
18.7933
19.035
18.3456
18.714
21.2454
19.537
19.4068
18.9059
18.785
18.9054
18.5879
18.3157
18.6383
20.4254
19.7841
19.6109
17.5068
17.0483
16.6614
18.1302
16.9725
19.7252
19.539
19.3812
18.1768
18.6349
18.8115
18.5156
19.0681
19.7937
20.2902
19.9512
19.6949
18.1126
19.1497
18.9103
22.0183
20.4784
20.074
19.2479
19.9283
19.7272
19.2254
19.205
18.8055
20.6905
19.9292
19.8716
19.2076
19.0204
18.9288
19.5014
18.671
20.1773
20.5934
19.9754
20.2503
20.0149
19.3859
19.1974
19.4519
20.9595
18.6255
20.3348
20.2099
19.9072
19.342
19.6203
23.0691
20.6985
19.8528
20.6078
20.6094
20.2636
19.6353
19.2565
19.4307
20.0456
20.7755
19.1763
20.123
19.7311
20.2246
18.917
19.8744
20.4983
20.7482
19.9939
20.3206
19.6633
19.6954
19.3244
19.9806
21.3177
20.2671
20.8744
20.4912
20.1154
20.162
19.22
23.3768
20.8001
20.9867
20.7031
20.4394
20.6162
20.2368
20.305
20.0924
18.2706
20.5356
20.8686
19.8169
20.0798
20.6176
20.412
20.2905
20.4332
19.1674
20.6842
20.9858
20.6679
20.4552
20.2152
19.0436
21.3724
21.0617
18.5047
20.5779
20.034
20.4458
20.2841
24.1567
21.4949
21.4602
21.2384
20.7014
20.2686
20.6673
19.8542
19.7218
21.6526
21.6056
21.5966
20.3585
20.7354
20.7621
20.2513
20.4788
22.0052
20.2408
21.3976
18.1893
20.8796
20.7058
20.7948
20.3226
21.8665
21.5341
21.3616
21.0834
21.2853
20.654
17.5435
23.8126
22.1549
21.9503
20.7408
21.2194
21.1717
20.7671
19.3275
20.7279
22.3909
21.4762
21.6954
21.4292
20.5702
20.7675
20.7839
20.7086
21.4436
21.0235
21.5856
21.6072
20.2864
21.179
20.8742
20.6852
20.3156
22.0432
21.7172
21.5986
21.4503
20.5571
20.7977
21.8126
20.8923
21.8245
21.1795
20.8991
20.7692
21.0825
20.4037
20.2133
22.0474
21.0594
21.3873
21.5405
19.6655
20.7635
20.4309
20.6122
22.4092
21.8776
21.6852
20.7364
21.2772
21.0656
20.8814
20.5768
22.4981
20.8734
21.6206
21.9099
21.1331
21.5046
20.692
22.8733
22.0624
21.6452
21.719
21.4621
21.4208
21.041
20.4587
20.4352
22.3277
22.2186
21.8064
21.1157
21.0681
21.1704
20.5188
20.7532
22.1764
21.6364
21.2158
21.7624
21.328
20.8936
20.4683
20.8394
22.4444
21.5033
21.3026
21.2722
21.0732
21.1575
21.0818
24.4801
22.5298
20.9799
21.9295
22.0979
21.2264
21.5937
21.3579
20.9588
22.9293
21.3336
22.0165
21.8028
21.3726
21.4289
19.3389
21.3632
22.5084
21.9433
22.2099
21.6672
21.8091
21.6405
21.0534
21.3875
22.7215
22.3507
21.3993
21.3915
22.0301
21.8149
21.6712
25.3658
21.9283
22.0771
22.1025
22.1725
21.9578
21.7876
21.7075
21.6281
19.8833
22.2416
21.6078
22.3006
22.2368
21.6514
21.8543
21.3159
23.049
22.4131
21.156
20.5794
22.2086
21.9202
21.7645
21.6106
22.7437
22.4637
21.6151
22.7512
21.0223
20.6573
21.6424
26.7306
21.9374
22.2719
22.4232
22.5601
21.8677
21.9432
19.3046
21.8585
23.1907
23.0605
22.6968
22.0971
22.1737
22.2333
21.4648
21.8638
22.9048
22.9356
22.0378
22.5354
22.273
21.7382
21.7165
21.9114
22.7127
23.0995
20.0746
22.6591
22.1917
21.9296
21.52
25.7487
22.2126
22.9296
22.8864
22.6719
21.8497
22.407
22.0145
21.6637
23.2356
23.067
19.751
22.3815
22.364
21.4579
21.3505
21.9898
23.144
23.1619
22.5663
22.5462
22.6081
22.4876
21.4184
22.1872
23.4626
22.8398
22.9017
23.0105
22.732
20.3156
21.3936
26.2036
23.5918
22.3014
23.255
22.5459
22.1478
22.1989
22.3686
22.3012
19.6409
22.8798
22.0708
22.8597
22.436
22.6231
22.0619
20.3199
23.4626
23.3727
23.3872
22.3044
22.9391
22.0589
20.4219
22.0438
23.7088
22.8235
23.2902
21.9702
22.7745
21.5352
22.4957
26.6982
22.0635
23.4363
23.134
22.9719
21.9415
22.4561
22.0056
22.1087
23.6804
23.5055
23.2952
22.7019
22.7912
22.0989
22.2174
22.3523
22.4709
22.9869
23.1542
23.1647
22.3968
22.5142
22.2542
20.4038
23.5076
23.3782
22.1717
23.1226
22.9232
22.008
22.7337
27.0246
22.4509
23.5733
23.2756
23.137
22.731
22.9617
22.5449
