4.08472e-05
0.00286584
0.00931356
0.0198696
0.0323373
0.0773778
0.127794
0.164445
0.17409
0.251731
0.326225
0.50291
0.660057
0.798603
0.74842
1.03109
1.14402
1.10843
1.38874
1.00686
1.6912
1.10182
1.27316
0.998051
2.0789
1.7414
1.69732
1.54886
2.4689
1.44516
2.43381
2.16433
1.57871
2.81578
2.77293
2.85865
1.94935
2.02794
1.94524
2.92177
2.87836
2.72723
2.75268
3.03963
2.90642
2.75536
2.77057
3.13057
1.94964
3.03163
3.23405
3.23337
3.20956
3.33296
2.30235
3.19444
3.21781
2.90274
3.37345
3.12855
3.37147
3.43593
3.28918
2.84215
3.22934
3.38497
3.3586
3.42901
3.25823
2.45349
2.08853
3.36836
2.9819
3.4371
3.33249
2.13264
3.45394
3.59317
1.97326
1.40577
2.87423
2.31412
2.44275
2.2303
2.44632
3.65436
3.52661
3.22168
3.59953
2.72665
3.54632
2.34014
3.60672
3.62824
3.38631
3.62346
3.43293
3.68764
3.64968
3.36218
3.51095
3.52093
3.52994
3.66682
2.72116
3.60722
3.63463
3.58338
3.58955
3.73258
3.635
3.48175
3.68165
2.91897
2.70258
3.68211
3.03792
2.95632
3.65068
3.43506
3.62455
3.6836
3.48566
3.55777
3.62421
3.75301
3.70716
3.60089
3.60617
3.08568
3.59125
3.62746
3.66215
3.69962
2.99765
3.73577
3.66003
3.68723
3.69559
3.7888
3.71049
3.75743
3.72301
3.65429
3.74078
3.66701
3.74098
3.78293
3.73789
3.75938
3.65955
3.77061
3.71572
3.56022
3.75501
3.73317
3.7329
3.62521
3.11682
3.76203
3.71966
3.71649
3.76313
3.79423
3.75954
3.66622
2.92488
3.49864
3.75172
3.78837
3.70058
3.81961
3.65978
3.6521
3.48555
3.65146
3.6216
3.77927
3.74366
3.81584
3.76013
3.82984
3.57194
3.74374
3.77491
3.80117
3.79375
3.82941
3.78498
3.81963
3.78917
3.45591
3.80071
3.74405
3.69998
3.82983
3.81173
3.83212
3.78026
3.82827
3.50232
3.84163
3.76864
3.82794
3.81924
3.77094
3.77558
3.81783
3.80589
3.70107
3.72083
3.7719
3.80756
3.8442
3.56789
3.78482
3.81869
3.85286
3.87717
3.92944
3.8792
3.82825
3.85746
3.86298
3.81774
3.88944
3.7365
3.87705
3.78396
3.89342
3.8172
3.89575
3.7953
3.84611
3.67541
3.82548
3.83798
3.85407
3.77706
3.81052
3.82608
3.77766
3.69003
3.82524
3.36044
3.80278
3.83976
3.76035
3.8411
3.84666
3.83222
3.82133
3.77628
3.77408
3.8321
3.87333
3.80679
3.83321
3.80438
3.84635
3.70818
3.79801
3.7912
3.73987
3.67474
3.8166
3.75762
3.6798
3.57243
3.84754
3.77862
3.75711
3.73013
3.7424
3.73637
3.65877
3.84556
3.78028
3.85414
3.78075
3.63788
3.71584
3.76187
3.79061
3.76569
3.76268
3.73045
3.75888
3.41764
3.45739
3.897
3.84614
3.85148
3.83911
3.86163
3.89392
3.878
3.84285
3.7925
3.85984
3.89707
3.83191
3.84284
3.86205
3.82226
3.78438
3.76975
3.08213
3.83345
3.88619
3.79296
3.85261
3.82707
3.85968
3.84058
3.80997
3.84875
3.70848
3.87039
3.9062
3.9001
3.91737
3.5753
3.92
3.86487
3.80974
3.88046
3.83859
3.85176
3.9081
3.91598
3.92808
3.92594
3.92113
3.80073
3.95339
3.88193
3.95484
3.83964
3.97014
3.90622
3.91769
3.54052
3.85872
3.85193
3.85519
3.83295
3.93478
3.89159
3.89004
3.76298
3.82119
3.84535
3.87282
3.84859
3.85404
3.83105
3.83704
3.85568
3.8408
3.7871
3.8367
3.74878
3.72607
3.83559
3.94212
3.83452
3.86061
3.86938
3.95386
3.71926
3.89854
3.85259
3.89182
3.86861
3.82651
3.82036
3.85143
3.90772
3.80847
3.13342
3.83409
3.7827
3.79679
3.75778
3.77867
3.77517
3.84243
3.8299
3.93731
3.87337
3.75828
3.81827
3.92293
3.7468
3.86474
3.85099
3.86953
3.87337
3.85192
3.83418
3.84101
3.85879
3.89613
3.91042
3.83456
3.92573
3.80183
3.92933
3.85375
3.81012
3.86898
3.15052
3.66478
3.90895
3.73322
3.75719
3.83472
3.78126
3.92669
3.87111
3.92985
3.92685
3.94832
3.93958
3.83204
3.94993
3.88463
3.93651
3.94115
3.84523
3.95922
3.87158
3.88357
3.88846
3.80996
3.88774
3.75524
3.65517
3.77413
3.78161
3.81833
3.95583
3.94779
3.86463
3.97378
3.92219
3.95451
3.78303
3.94249
3.93244
3.96473
3.86092
3.89778
3.938
3.96996
3.91529
3.97244
3.90193
3.97743
3.75101
3.75408
3.87709
3.89434
3.95985
3.94644
3.95227
3.96649
3.95464
3.88078
3.94404
3.92026
3.87193
3.90918
3.89395
3.91464
3.80747
3.90731
3.88471
3.88764
3.28588
3.81922
3.89973
3.97408
3.94082
3.95179
3.96868
3.96962
3.95404
3.88418
3.9556
3.87334
3.96111
3.98108
3.93819
3.87151
3.8666
3.82676
3.82182
3.8865
3.8368
3.81517
3.89785
3.91713
3.96203
3.96549
3.96406
3.95606
3.90686
3.96522
3.96745
3.85643
3.95656
3.97572
3.93772
3.60011
3.80726
3.90939
3.93103
3.96808
3.95134
3.93498
3.92293
3.89774
3.8721
3.96759
3.95907
3.88269
3.96296
3.95373
3.87941
3.74104
3.87358
3.89044
3.957
3.96704
3.83447
3.96927
3.9493
3.9542
3.964
3.97099
3.93877
3.75052
3.80172
3.83137
3.85147
3.88396
3.89483
3.88664
3.86655
3.94188
3.85367
3.88207
3.61419
3.64371
3.83494
3.68747
3.55461
3.63564
3.80544
3.85434
3.85237
3.85761
3.84799
3.85915
3.9558
3.97871
3.88004
3.94316
3.91302
3.97964
3.75301
3.83945
3.83809
3.84205
3.89503
3.97816
3.9376
3.87813
3.74389
3.96193
3.88934
3.89804
3.73484
3.85022
3.92175
3.72357
3.89119
3.85632
3.88885
3.84181
3.95108
3.98673
3.90337
3.98711
3.6109
3.86329
3.82106
3.91423
3.92851
3.86846
3.84263
3.91027
3.89344
3.85699
3.87827
3.61243
3.87608
3.96575
3.97137
3.93456
3.94828
3.84894
3.90021
3.90657
3.90276
3.90689
3.72571
3.82274
3.94852
3.93803
3.96094
3.95941
3.85601
3.90269
3.92412
3.98725
3.69841
3.82661
3.94551
3.98737
3.86743
3.90691
3.92924
3.98465
3.94838
3.86277
3.63335
3.89721
3.95819
3.88781
3.86804
3.87451
3.91053
3.89529
3.9325
3.85711
3.83885
3.94847
3.91462
3.84838
3.81882
3.98486
3.91532
3.95503
3.91078
3.82839
3.93913
3.81273
3.90868
3.94204
3.97722
3.92367
3.89113
3.90415
3.85933
3.9224
3.85377
3.97199
3.97395
3.85973
3.87677
3.87232
3.78431
3.82627
3.90137
3.91212
3.96068
3.82233
3.91803
3.94881
3.96284
3.90585
3.60537
3.88796
3.9611
3.90505
3.87203
3.97814
3.94249
3.82381
3.93467
3.89642
3.97639
3.9119
3.90657
3.94657
3.79436
3.83519
3.8938
3.90294
3.77579
3.8511
3.92546
3.83904
3.79143
3.94971
3.91861
3.96764
3.97982
3.94039
3.96362
3.8792
3.87323
3.99085
3.96352
3.88749
3.88427
3.89764
3.95165
3.81792
3.91143
3.96545
3.92635
3.88889
3.8393
3.94344
3.8725
3.8774
3.96872
3.90658
3.94985
3.94181
3.89835
3.86725
3.86848
3.91039
3.88862
3.98307
3.90831
3.70655
3.84503
3.93508
3.92546
3.93583
3.92843
3.95867
3.87243
3.98635
3.97355
3.9212
3.88692
3.92544
3.71464
3.94694
3.92404
3.8708
3.88761
3.9924
3.78185
3.87483
3.92878
3.90795
3.86091
3.95453
3.77358
3.85729
3.93149
3.91424
3.90147
3.95232
3.82748
3.85727
3.95191
3.9348
3.95736
3.85396
3.83173
3.93728
3.87727
3.93121
3.91257
3.96783
3.77676
3.9008
3.92147
3.91522
3.88857
3.90882
3.92386
3.92872
3.97133
3.97096
3.96059
3.7935
3.91742
3.94098
3.93958
3.89454
3.91989
3.86187
3.95652
3.97434
3.87452
3.9009
3.76612
3.88748
3.95969
3.86448
3.87334
3.7625
3.86269
3.99682
3.91187
3.90606
3.88061
3.94908
3.97827
3.97912
3.98024
3.89552
3.91156
3.94695
3.9371
3.94451
3.92302
3.85818
3.87333
3.9763
3.94432
3.97548
3.91478
3.90807
3.89232
3.91265
3.8375
3.95763
3.94684
3.94245
3.94987
3.86219
3.9373
3.9234
3.87578
3.9057
3.83757
3.92607
3.95465
3.98177
4.00961
3.92685
3.97455
3.89586
3.89877
3.80833
3.94907
3.95877
3.98973
3.96869
3.882
3.92399
3.93728
3.96496
3.81618
3.96581
3.92051
3.98501
3.92902
3.94883
3.94365
3.96995
3.93907
3.84547
3.92521
4.003
3.95989
3.75655
3.90239
3.96189
3.86769
3.89591
3.84848
3.93329
3.91555
3.93506
3.90565
3.8677
3.95933
3.93305
3.89625
3.95269
3.96093
3.95501
3.86756
3.97087
3.98546
3.96741
3.81444
3.93921
3.93713
3.90387
3.84102
3.94448
3.91122
3.92254
3.89797
3.90773
3.89231
3.97525
3.86819
3.96457
3.93936
3.91278
3.91597
3.98448
3.93891
3.8959
3.94705
3.94709
3.96972
3.85946
3.96754
3.95712
3.96209
3.91023
3.98041
3.98448
3.955
3.94049
3.93185
3.92453
3.82357
3.95921
3.95888
3.89305
3.91231
3.96755
3.97227
3.87518
3.9415
3.9089
3.97178
3.91683
3.97962
3.95895
3.87236
3.87046
3.94718
3.97343
3.86749
3.9653
3.96059
3.89058
3.95615
3.89312
3.94656
3.8711
3.94964
3.93056
3.87525
3.90333
3.95731
3.87082
3.95416
3.96519
3.88334
3.95691
3.95498
3.95306
3.87732
3.9639
3.93844
3.86626
3.9461
3.91458
3.86551
3.97108
3.96056
3.98957
3.93474
3.9183
3.94904
3.94647
3.95217
3.97667
3.88732
3.96312
3.96556
3.91661
3.93855
3.94513
3.8597
3.95696
3.96904
3.88378
3.94935
3.97116
3.84853
