4.65658e-05
0.000582072
0.00967049
0.0248351
0.0431183
0.0914286
0.127794
0.103654
0.212165
0.310463
0.427493
0.519153
0.639406
0.709869
0.827206
1.03109
1.17325
1.59737
1.48544
1.81736
1.76014
1.90705
1.98791
2.1107
2.13997
2.37225
2.41198
2.58792
2.41631
1.35924
2.47722
2.16433
1.37735
1.93678
1.97676
2.89681
2.66518
3.07855
3.08632
3.04103
3.05657
3.03969
2.63513
3.13568
3.16665
2.89622
1.97331
3.37696
2.85338
3.06354
3.26827
3.48277
3.34105
1.97907
3.39801
3.10352
3.38852
2.23509
2.2293
2.76326
2.17035
1.86208
2.9894
2.27531
1.89595
1.95582
3.4243
3.5799
3.37318
2.28337
3.46497
2.17667
3.48702
2.58136
3.40765
3.56743
3.50231
3.63156
3.52672
3.66798
3.45149
3.59847
3.53363
3.67264
2.30904
3.61424
2.79398
3.7007
3.58577
3.64039
3.61203
3.69251
3.65422
3.6888
3.56948
3.76933
3.68441
3.74275
3.69294
3.73276
3.68629
3.71272
2.29466
3.67325
3.68085
3.73852
3.66971
3.75664
3.7375
3.8259
3.74399
3.75557
3.72142
2.13723
3.75212
3.79853
3.71697
3.85342
3.69799
3.7124
3.7421
3.75475
3.75204
3.7525
3.51089
3.79815
3.73986
3.82067
3.5829
3.77582
3.67896
2.24954
3.633
3.75102
3.67094
3.75132
3.7128
2.25127
3.72643
3.79218
3.71895
3.71451
3.70932
3.77073
3.67826
3.70403
3.65231
3.70585
3.72478
3.73925
3.72719
3.62758
3.68046
3.79159
3.71877
3.84356
3.78226
3.79722
3.79986
3.61651
3.80673
3.8338
3.77829
3.78096
3.66309
3.76904
3.77971
3.79446
3.79544
3.77804
3.16574
3.80153
3.80594
3.73751
3.81628
3.84125
3.81559
3.81717
3.82708
3.8404
3.7911
3.69597
3.69807
3.7527
3.68112
3.78604
3.68852
3.76511
3.72997
3.82466
3.6909
2.49368
3.53353
3.79906
3.54063
3.71874
3.7432
3.7743
3.74975
3.77474
3.76807
3.75923
3.73271
3.78597
3.03218
3.78022
3.7985
3.80863
3.82162
3.81653
3.78489
3.74262
3.7256
3.53387
3.78005
3.77887
3.72424
3.75393
2.65494
3.81633
3.82518
3.07195
2.98496
3.14189
2.23376
3.39398
3.06642
3.6138
3.43043
3.82378
3.76648
3.55471
3.6834
3.81001
3.82511
3.81273
3.76833
3.8786
3.59925
3.80174
3.79965
3.8264
3.85403
3.84088
3.78367
3.8635
3.80426
3.85567
3.83066
3.78385
3.89589
3.72097
3.93624
3.96406
3.93543
3.9328
3.67118
3.72866
3.92842
3.93881
3.70255
3.95653
3.92751
3.29724
3.7656
3.85098
3.76624
3.83692
3.84229
3.85604
3.83817
3.58485
3.50131
3.94296
3.84313
3.88613
2.92966
3.78873
3.76601
3.79478
3.7705
